704341410328870974
704341433473040464
704341470349361174
704341561898434630
704341864014413954
704342052602773508
704342489124962325
704343701404778506
704343861866135644
704343884179964015
704343965712777276
704344490776985600
704344739599876116
704345539021504543
704346598158762024
704346688722042891
704346767977873428
704351752681422887
704363966297538671
704364057108545566
704365173405909064
704367123509805117
704367661135429733
704367774075584512
704367881374400512
704368072210776204
704368263785742426
704368430660190318
704368843811717150
704370663753908326
704371378832408697
704373374901682176
704375879647756358
704375922379456593
704375974413860914
704376009625042964
704376105817210981
704377099544166420
704389722721484993
704390033368547328
704390170878804008
704390256295936050
704390290504548492
704390531513581658
704390586504970351
704390692188848229
704391347171360789
704392046290534421
704394037196488726
704394102044884992
704394360657150064
704395087366586418
704395765002403900
704395813354471524
704402306082406480
704402501390172260
704405242502053898
704405532047573025
704405622594076791
704409373010558977
704411084223676466
704412402891882517
704412492771885076
704413001947676753
704415914908581959
704416017706778624
704416513159069707
704418228591526008
704418668641124353
704418697275637871
704420156549627956
704424705649803324
704426777618939924
704428152448876565
704430313039855716
704432010927669299
704439574964994058
704441232889348168
704444267560697947
